0.,2864.
0.0005,2813.8459100706673
0.001,2668.1712472015743
0.0015,2440.7272934834136
0.002,2152.484038414112
0.0025,1829.0064922528961
0.003,1497.331730009553
0.0035,1182.7911733295512
0.004,906.2185474233569
0.0045,681.9126914366136
0.005,516.5987991616056
0.0055,409.4731477764925
0.006,353.25118978805517
0.0065,335.9936203021631
0.007,343.382139843321
0.0075,361.07078740330996
0.008,376.7546010870967
0.0085,381.6692249298631
0.009,371.3481076640314
0.0095,345.59714132907584
0.01,307.7766426810947
0.0105,263.5859395803581
0.011,219.61034129349954
0.0115,181.90573206332698
0.012,154.86317605179585
0.0125,140.52386065403104
0.013,138.41883891060363
0.0135,145.90699071514288
0.014,158.896760981967
0.0145,172.77735403141827
0.015,183.3619546852872
0.0155,187.66073697654346
0.016,184.34932975366232
0.0165,173.86778867721168
0.017,158.16147796318265
0.0175,140.14372831116168
0.018,123.00827771145215
0.0185,109.5395121251985
0.019,101.55842631930798
0.0195,99.60591402550415
0.02,102.91115759737237
0.0205,109.6330690783458
0.021,117.30897013692007
0.0215,123.40715816710781
0.022,125.86513030493856
0.0225,123.50468441184465
0.023,116.24569012388667
0.0235,105.08484815963932
0.024,91.85468406874257
0.0245,78.82142530111695
0.025,68.20995060217543
0.0255,61.754496786343836
0.026,60.36410466997584
0.0265,63.964790797441815
0.027,71.54234725293885
0.0275,81.36861203643454
0.028,91.35834180538728
0.0285,99.48032714472382
0.029,104.13923102665673
0.0295,104.4544646202119
0.03,100.38647348545611
0.0305,92.69360303640633
0.031,82.73725727220075
0.0315,72.1823414717605
0.032,62.65835252520331
0.0325,55.45077107192572
0.033,51.28242911773055
0.0335,50.222984702229006
0.034,51.736464189765236
0.0345,54.84809163996454
0.035,58.388217332008956
0.0355,61.25763512629511
0.036,62.657265456195894
0.0365,62.23579012221988
0.037,60.12862204397599
0.0375,56.88605529945441
0.038,53.31226004308452
0.0385,50.25499628746325
0.039,48.394910253717256
0.0395,48.08149462526055
0.04,49.25099564859028
0.0405,51.44256528426234
0.041,53.90703211523229
0.0415,55.782534384835834
0.042,56.2971415141192
0.0425,54.953325816842394
0.043,51.65363921758705
0.0435,46.74003559950066
0.044,40.93801967634194
0.0445,35.21714352969648
0.045,30.59701305057988
0.0455,27.93926465151059
0.046,27.768680813514944
0.0465,30.160315195789135
0.047,34.7156534993805
0.0475,40.632435642145424
0.048,46.85367779293282
0.0485,52.265590357266746
0.049,55.90467132882852
0.0495,57.1330580460059
0.05,55.748315940988405
0.0505,52.00760531800304
0.051,46.56364909115717
0.0515,40.32749222160666
0.052,34.28713866020572
0.0525,29.31901600049635
0.053,26.029437063017077
0.0535,24.65598218393409
0.054,25.045710856870322
0.0545,26.711145165746686
0.055,28.94938285929472
0.0555,30.99764409192142
0.056,32.19235877500403
0.0565,32.099612666188534
0.057,30.59199143546355
0.0575,27.858873520765002
0.058,24.35138136313915
0.0585,20.676515354077328
0.059,17.464756052933634
0.0595,15.239751644272063
0.06,14.316927051518503
0.0605,14.750571720647757
0.061,16.33792126895866
0.0615,18.676402768730167
0.062,21.25920633922989
0.0625,23.586941488994853
0.063,25.270758827647285
0.0635,26.10527679221962
0.064,26.097117299391254
0.0645,25.445063384946238
0.065,24.478520378135578
0.0655,23.569782298963784
0.066,23.040740265388433
0.0665,23.085132758206143
0.067,23.72327806482076
0.0675,24.798492971795444
0.068,26.01487855104779
0.0685,27.006971556456406
0.069,27.42491608386104
0.0695,27.01574287953465
0.07,25.68263317825998
0.0705,23.509305903373516
0.071,20.744657138650748
0.0715,17.751683336231178
0.072,14.932554879407288
0.0725,12.646765605084163
0.073,11.140497923473506
0.0735,10.50250704554924
0.074,10.65563195587081
0.0745,11.38490745448767
0.075,12.395013663780933
0.0755,13.383292927535381
0.076,14.111224632325898
0.0765,14.457798881153622
0.077,14.442525960624453
0.0775,14.212885646574444
0.078,13.999271646347589
0.0785,14.048073299719086
0.079,14.548755634411611
0.0795,15.57246598529605
0.08,17.03740663880161
0.0805,18.71043508179496
0.081,20.246325277669143
0.0815,21.25758950023552
0.082,21.400594045654145
0.0825,20.459499950533825
0.083,18.409293169288855
0.0835,15.442969456528987
0.084,11.955064545455556
0.0845,8.482704386532323
0.085,5.614312090373994
0.0855,3.8831488762549675
0.086,3.666472381346252
0.0865,5.110462696315944
0.087,8.096273601665791
0.0875,12.254564959297408
0.088,17.026289993797718
0.0885,21.7583143133726
0.089,25.81552569274583
0.0895,28.687880332114222
0.09,30.071981555685888
0.0905,29.91205561337588
0.091,28.393478752948486
0.0915,25.891599821030134
0.092,22.88751045923152
0.0925,19.868809165706757
0.093,17.23598788719352
0.0935,15.23334429329683
0.094,13.917695738034395
0.0945,13.16986168439765
0.095,12.744663560752338
0.0955,12.347017361498118
0.096,11.716285528028195
0.0965,10.699538175395512
0.097,9.297048066348257
0.0975,7.669617761223959
0.098,6.1058570445876414
0.0985,4.956464255196172
0.099,4.5499981307876
0.0995,5.108955906628003
0.1,6.68525340648381
0.1005,9.130345578944969
0.101,12.10802122127233
0.1015,15.148857634854538
0.102,17.736333864881694
0.1025,19.407580232768616
0.103,19.848192988757084
0.1035,18.96125472265873
0.104,16.895576062547537
0.1045,14.026243931761481
0.105,10.890184654379112
0.1055,8.088649800570517
0.106,6.175406041487408
0.1065,5.552523473445424
0.107,6.394343591695374
0.1075,8.614710356528407
0.108,11.883968927521924
0.1085,15.692316230539886
0.109,19.446844635084926
0.1095,22.58293833956616
0.11,24.667922544189867
0.1105,25.476586456891866
0.111,25.02404354670586
0.1115,23.550153721478672
0.112,21.459613710090228
0.1125,19.23079903956095
0.113,17.312678458683312
0.1135,16.031350551808202
0.114,15.52552971864537
0.1145,15.724107588602342
0.115,16.370026575806023
0.1155,17.08496611484931
0.116,17.460772702740837
0.1165,17.157933885933847
0.117,15.98986962920758
0.1175,13.974712767710866
0.118,11.342983085518776
0.1185,8.498746355115474
0.119,5.941602145826026
0.1195,4.165152858734628
0.12,3.55275166912108
0.1205,4.292231124966164
0.121,6.327762320105558
0.1215,9.359680492215082
0.122,12.893499357816376
0.1225,16.32935992036359
0.123,19.07483853114666
0.1235,20.659066528702827
0.124,20.825514891253288
0.1245,19.584722044682415
0.125,17.215935320928487
0.1255,14.216585578990914
0.126,11.20875612581331
0.1265,8.820315966280663
0.127,7.5634797747324365
0.1275,7.734223898285122
0.128,9.352092899676034
0.1285,12.152234690500185
0.129,15.631506780586816
0.1295,19.140147279475496
0.13,22.00180645620835
0.1305,23.63935849308495
0.131,23.682872222093977
0.1315,22.039580056235703
0.132,18.912941675221823
0.1325,14.767526409061432
0.133,10.246572806008633
0.1335,6.057793636381169
0.134,2.848652641335058
0.1345,1.0939316374427355
0.135,1.0157147637667476
0.1355,2.549542648556341
0.136,5.361720505133931
0.1365,8.913309342914168
0.137,12.557979723705515
0.1375,15.655190891847228
0.138,17.678055160982677
0.1385,18.297021128859264
0.139,17.42567935942299
0.1395,15.222456033982962
0.14,12.050220276744458
0.1405,8.403309018267342
0.141,4.816809015791724
0.1415,1.7752403758940793
0.142,-0.3632079823911244
0.1425,-1.4146578650143427
0.143,-1.3834308783562375
0.1435,-0.4422329935779171
0.144,1.1148435697343908
0.1445,2.935529923214495
0.145,4.675799505044151
0.1455,6.057095149263426
0.146,6.9048786703175615
0.1465,7.163498327998294
0.147,6.887409588357661
0.1475,6.2133403126643785
0.148,5.32119517293226
0.1485,4.392818231853008
0.149,3.5770746803273203
0.1495,2.96738684367065
0.15,2.594502318074296
0.1505,2.4336865620675714
0.151,2.4225066137161186
0.1515,2.4835128795976513
0.152,2.545737832126534
0.1525,2.5599727081569132
0.153,2.5048991252375923
0.1535,2.383768186294645
0.154,2.2137855272325373
0.1545,2.0121020473601714
0.155,1.7829532980487404
0.1555,1.509939195135874
0.156,1.1558801363208808
0.1565,0.6705471337372042
0.157,0.004388389309946228
0.1575,-0.8752976197147333
0.158,-1.970055249929698
0.1585,-3.2418153131882033
0.159,-4.612936179971791
0.1595,-5.975366088332227
0.16,-7.207327088107137
0.1605,-8.194031682482215
0.161,-8.847845146149458
0.1615,-9.123274041604635
0.162,-9.023221864527821
0.1625,-8.594878671823025
0.163,-7.915971609274163
0.1635,-7.074359203799375
0.164,-6.145580810266102
0.1645,-5.173584564938586
0.165,-4.1592875360350625
0.1655,-3.05996990904744
0.166,-1.8001165919024633
0.1665,-0.2917129442413585
0.167,1.5402450042702935
0.1675,3.7326399864283717
0.168,6.26530909723775
0.1685,9.052989106428543
0.169,11.95064127316434
0.1695,14.771863775366509
0.17,17.317259732540034
0.1705,19.407361648043487
0.171,20.91352127313707
0.1715,21.780341210990695
0.172,22.03475205271907
0.1725,21.779439738735316
0.173,21.171483595037916
0.1735,20.390131149936515
0.174,19.59997322738792
0.1745,18.916893682505975
0.175,18.383799350496115
0.1755,17.961334478654614
0.176,17.53589101047069
0.1765,16.943809093040173
0.177,16.007401111247308
0.1775,14.575982409811834
0.178,12.563949800775223
0.1785,9.978353423489782
0.179,6.930289914513299
0.1795,3.6274432917754633
0.18,0.348632237672062
0.1805,-2.5953971722227758
0.181,-4.908118299020124
0.1815,-6.352214110824582
0.182,-6.78556096883009
0.1825,-6.182063554833803
0.183,-4.634017301932191
0.1835,-2.336047313478807
0.184,0.44605357403398027
0.1845,3.4157076768678545
0.185,6.2878974765243925
0.1855,8.826233296410786
0.186,10.868863712977172
0.1865,12.33973259322294
0.187,13.244592062274187
0.1875,13.654024135592916
0.188,13.677959280700938
0.1885,13.437406334992975
0.189,13.039141872334937
0.1895,12.558010648035259
0.19,12.02954659273046
0.1905,11.45327508940918
0.191,10.804799820199152
0.1915,10.053064149922074
0.192,9.178325602708853
0.1925,8.186516874918473
0.193,7.116703086634919
0.1935,6.040016370262293
0.194,5.050372133353146
0.1945,4.249031608524675
0.195,3.7263143519065527
0.1955,3.544252426415197
0.196,3.7236553507649948
0.1965,4.238035309192766
0.197,5.015379564122474
0.1975,5.947184041437347
0.198,6.902814470056773
0.1985,7.7464060429440265
0.199,8.35329334705377
0.1995,8.623376151534963
0.2,8.48973227199577
0.2005,7.921945745331212
0.201,6.924746600795975
0.2015,5.533402696455427
0.202,3.8076917835089863
0.2025,1.826158667859139
0.203,-0.3182007943559849
0.2035,-2.5205149207363524
0.204,-4.665414914448924
0.2045,-6.628414203544354
0.205,-8.278752407973863
0.2055,-9.484966060181504
0.206,-10.123812300048913
0.2065,-10.092245969849317
0.207,-9.321155084513364
0.2075,-7.788739992654573
0.208,-5.530991559757377
0.2085,-2.6468159116775665
0.209,0.7040128688161462
0.2095,4.31081533683553
0.21,7.929310707563235
0.2105,11.304386997874012
0.211,14.195436613711548
0.2115,16.400815558241515
0.212,17.77803947966984
0.2125,18.25697377511756
0.213,17.844383940315943
0.2135,16.619572727938806
0.214,14.72218481890512
0.2145,12.334359733899984
0.215,9.660071790228917
0.2155,6.90462037303424
0.216,4.2568436226614335
0.2165,1.8758438915814921
0.217,-0.11697568047600315
0.2175,-1.6407413200985639
0.218,-2.6537549083565475
0.2185,-3.149340802841599
0.219,-3.1503325230240677
0.2195,-2.7033609192134787
0.22,-1.8736158955084896
0.2205,-0.7402127710711124
0.221,0.6081396096495661
0.2215,2.0776817001330112
0.222,3.574807213265054
0.2225,5.012074543254163
0.223,6.314726413862586
0.2235,7.426972572572358
0.224,8.316989160309442
0.2245,8.979542216474535
0.225,9.435396785121037
0.2255,9.727193171076797
0.226,9.912150355698003
0.2265,10.052636551526478
0.227,10.206159922136656
0.2275,10.41654051423215
0.228,10.707855702849436
0.2285,11.082221750385372
0.229,11.521687460383509
0.2295,11.993643835578313
0.23,12.458396943916137
0.2305,12.877093077294282
0.231,13.218146417402442
0.2315,13.460725727430663
0.232,13.59462808663487
0.2325,13.616831954184397
0.233,13.52595014305449
0.2335,13.316461947330104
0.234,12.97480959139098
0.2345,12.479111592930956
0.235,11.803412925409415
0.2355,10.926221039872654
0.236,9.841824301284023
0.2365,8.571853198939921
0.237,7.173998442976271
0.2375,5.744928276445821
0.238,4.41529639317452
0.2385,3.3361886185400276
0.239,2.6581609841136262
0.2395,2.5058130567747154
0.24,2.952227542618046
0.2405,3.998251837183288
0.241,5.561289625359226
0.2415,7.476983599508438
0.242,9.5150775510434
0.2425,11.408199560428827
0.243,12.889777237841404
0.2435,13.735279292747624
0.244,13.799903250143586
0.2445,13.045965053108544
0.245,11.55463923756895
0.2455,9.519153673275058
0.246,7.21965218103841
0.2465,4.983150725538707
0.247,3.1347365985079674
0.2475,1.9478755095687348
0.248,1.6020535569993068
0.2485,2.1548893930415662
0.249,3.5334758158096
0.2495,5.546461130515757
0.25,7.91483835143357
0.2505,10.31621404149354
0.251,12.435057210661835
0.2515,14.010491071693274
0.252,14.873748124193304
0.2525,14.969346428790624
0.253,14.356992802194288
0.2535,13.194626091715081
0.254,11.706254282390358
0.2545,10.140730506382162
0.255,8.728925733222155
0.2555,7.6466915118693795
0.256,6.989628456246861
0.2565,6.763291451633799
0.257,6.889553013349132
0.2575,7.226971356723853
0.258,7.600695842597721
0.2585,7.836082632840059
0.259,7.789977636529289
0.2595,7.374512413012717
0.26,6.570002523489624
0.2605,5.425739954667893
0.261,4.049675361831817
0.2615,2.589772292132972
0.262,1.2108843585781113
0.2625,0.0712308733701082
0.263,-0.6980131705966416
0.2635,-1.0076212711798387
0.264,-0.8186935528060281
0.2645,-0.14476990300192216
0.265,0.951146576378684
0.2655,2.3630886062383354
0.266,3.9507139130318287
0.2665,5.54907503887371
0.267,6.979332198362098
0.2675,8.060721000945987
0.268,8.624284439345043
0.2685,8.528602154251768
0.269,7.677022931519793
0.2695,6.034899366750856
0.27,3.6443186460448103
0.2705,0.6331470067736658
0.271,-2.7848538029625516
0.2715,-6.321350683196437
0.272,-9.637202351122
0.2725,-12.377557710038573
0.273,-14.214862128143677
0.2735,-14.894269742525037
0.274,-14.274612466398697
0.2745,-12.357837244934066
0.275,-9.300883844970688
0.2755,-5.406279457404138
0.276,-1.0909588938997903
0.2765,3.163548849833631
0.277,6.873047191274107
0.2775,9.615715673911552
0.278,11.090225164563089
0.2785,11.157536214713003
0.279,9.859328155969633
0.2795,7.40967359646598
0.28,4.160957886160634
0.2805,0.5493740375700815
0.281,-2.9711869824603125
0.2815,-5.9960355518692
0.282,-8.226446020614036
0.2825,-9.507174796937656
0.283,-9.839060204101747
0.2835,-9.365460765775751
0.284,-8.335903637891482
0.2845,-7.0542641510332125
0.285,-5.821353400019619
0.2855,-4.882488939920058
0.286,-4.389352072577958
0.2865,-4.382456650277419
0.287,-4.796455164676207
0.2875,-5.48608420420782
0.288,-6.266654077126625
0.2885,-6.960356973396414
0.289,-7.438791254136264
0.2895,-7.65311649603213
0.29,-7.645934017091308
0.2905,-7.542777855785862
0.291,-7.525238474611901
0.2915,-7.791405143294656
0.292,-8.51178745674625
0.2925,-9.789691583515916
0.293,-11.634047956398774
0.2935,-13.950137399884946
0.294,-16.550073887980425
0.2945,-19.181004145692988
0.295,-21.565556468841216
0.2955,-23.446785404733113
0.296,-24.62914679171525
0.2965,-25.0080072274662
0.297,-24.582611685974197
0.2975,-23.450783923416527
0.298,-21.78722064155596
0.2985,-19.810333735894318
0.299,-17.744583517170167
0.2995,-15.785757344431266
0.3,-14.075622191662323
0.3005,-12.690074588018627
0.301,-11.641845306947177
0.3015,-10.895655305790052
0.302,-10.391136659822937
0.3025,-10.067366220557634
0.303,-9.882803204254571
0.3035,-9.825762600447705
0.304,-9.912982107185567
0.3045,-10.17680752300862
0.305,-10.644371288332497
0.3055,-11.314237519763928
0.306,-12.13686079987585
0.3065,-13.004642707307973
0.307,-13.75546464423029
0.3075,-14.190712420062496
0.308,-14.105582409572431
0.3085,-13.326553515546998
0.309,-11.748951623513275
0.3095,-9.366965576061643
0.31,-6.289457800815764
0.3105,-2.737293930346658
0.311,0.9787489004232355
0.3115,4.496789683342069
0.312,7.453421392640975
0.3125,9.535922290273874
0.313,10.528264211575545
0.3135,10.343024403340431
0.314,9.033723238349289
0.3145,6.785541209946172
0.315,3.8861617162395223
0.3155,0.6819221376146913
0.316,-2.4731081567371582
0.3165,-5.266508727646326
0.317,-7.467333793210578
0.3175,-8.950407602417402
0.318,-9.70216093692673
0.3185,-9.808519847762788
0.319,-9.428518304501472
0.3195,-8.75959359850734
0.32,-8.001536768749798
0.3205,-7.325678063987222
0.321,-6.85424401743733
0.3215,-6.652328239083469
0.322,-6.732128298277061
0.3225,-7.0666078020796785
0.323,-7.608049747883105
0.3235,-8.306387950341394
0.324,-9.122801234823509
0.3245,-10.035637839254509
0.325,-11.037905686311138
0.3255,-12.127803112862606
0.326,-13.295558672872254
0.3265,-14.510793978097595
0.327,-15.714514954207273
0.3275,-16.818710167016878
0.328,-17.714656511321476
0.3285,-18.288839187306294
0.329,-18.443393893625437
0.3295,-18.116643611948003
0.33,-17.298954747830763
0.3305,-16.03988470593924
0.331,-14.444298801212554
0.3315,-12.657445891275914
0.332,-10.841404183421524
0.3325,-9.147309828424595
0.333,-7.688908181411569
0.3335,-6.5229460394402965
0.334,-5.640718558320573
0.3345,-4.972915633097396
0.335,-4.4072094456717075
0.3355,-3.8153422171718905
0.336,-3.0843753136986822
0.3365,-2.14570339276596
0.337,-0.9956696603359536
0.3375,0.2968721932749483
0.338,1.598194224920437
0.3385,2.731652498687356
0.339,3.5101620812609395
0.3395,3.773141969592932
0.34,3.4207957811845007
0.3405,2.438901235969337
0.341,0.9089460054992116
0.3415,-0.9988409289497594
0.342,-3.048778054251401
0.3425,-4.9754297545507224
0.343,-6.5254025419368
0.3435,-7.497725728527673
0.344,-7.775540428405437
0.3445,-7.343451289612408
0.345,-6.287598217546128
0.3455,-4.778748607074642
0.346,-3.0418579756647577
0.3465,-1.3179852151636133
0.347,0.17428976621450543
0.3475,1.2709431927220542
0.348,1.8825755963034971
0.3485,1.9994988187297436
0.349,1.6819100886367602
0.3495,1.0381525489383667
0.35,0.19629640518257518
0.3505,-0.7246240357587576
0.351,-1.6376153285929784
0.3515,-2.5003625845596877
0.352,-3.3153113667346683
0.3525,-4.117835156094708
0.353,-4.95577104005186
0.3535,-5.865505464503083
0.354,-6.850553411316664
0.3545,-7.868041216041165
0.355,-8.826788476759653
0.3555,-9.598147282521495
0.356,-10.03792830427459
0.3565,-10.015216689712728
0.357,-9.442190346712929
0.3575,-8.29856412145775
0.358,-6.6451162166871525
0.3585,-4.622758620107983
0.359,-2.4364012192239772
0.3595,-0.32587677863254727
0.36,1.471163681451626
0.3605,2.7577434250855544
0.361,3.4103347063286154
0.3615,3.3997223602228743
0.362,2.7958887758201723
0.3625,1.755788647164275
0.363,0.4960641418302175
0.3635,-0.7444336927986094
0.364,-1.7455459767979298
0.3645,-2.342728269647877
0.365,-2.4533569048363666
0.3655,-2.087789474336178
0.366,-1.3434109993673893
0.3665,-0.3830630705984258
0.367,0.5978796887783302
0.3675,1.40949216940229
0.368,1.90322717505756
0.3685,1.9992026055600722
0.369,1.700008954841913
0.3695,1.08881587114241
0.37,0.3125297616508813
0.3705,-0.44648612092657847
0.371,-1.0045884539408276
0.3715,-1.2104530073819126
0.372,-0.9719305756815496
0.3725,-0.2714519942576834
0.373,0.8324288410390479
0.3735,2.2170916310572015
0.374,3.718713902193644
0.3745,5.161241748687789
0.375,6.385821303573693
0.3755,7.275212042392057
0.376,7.768910419141232
0.3765,7.8666910713110925
0.377,7.620613846679034
0.3775,7.117782697733871
0.378,6.457846928349137
0.3785,5.730093682922385
0.379,4.994854465661431
0.3795,4.272894820934046
0.38,3.54471021939699
0.3805,2.7595748414543695
0.381,1.8521985423175387
0.3815,0.7633273112452852
0.382,-0.540141750981421
0.3825,-2.0498379111320766
0.383,-3.7087286500359893
0.3835,-5.413802979352915
0.384,-7.02843841383849
0.3845,-8.40239040510881
0.385,-9.395873081512544
0.3855,-9.903400361900461
0.386,-9.873061750414148
0.3865,-9.317699981817912
0.387,-8.315877407574854
0.3875,-7.00229542639272
0.388,-5.549142106150025
0.3885,-4.1413688785298
0.389,-2.9498817259581305
0.3895,-2.1069244415912465
0.39,-1.6875063335555207
0.3905,-1.6996829243740572
0.391,-2.085034131423453
0.3915,-2.7290580625043366
0.392,-3.4796799036932144
0.3925,-4.17090032508221
0.393,-4.647941607250927
0.3935,-4.790165277699825
0.394,-4.528509021972593
0.3945,-3.8551154074509224
0.395,-2.824033542715162
0.3955,-1.5431725019970113
0.396,-0.15888220624759236
0.3965,1.1645241117098137
0.397,2.26741791240715
0.3975,3.0166229186763602
0.398,3.3234870595479915
0.3985,3.156016994431144
0.399,2.5436492562842545
0.3995,1.5741771744919792
0.4,0.38331134323796173
0.4005,-0.8617826190923634
0.401,-1.9829396369302468
0.4015,-2.812973482899568
0.402,-3.2165483448424697
0.4025,-3.107448437776058
0.403,-2.4601618165096255
0.4035,-1.3143411540417225
0.404,0.22847943360089512
0.4045,2.0156316175202997
0.405,3.860357390619842
0.4055,5.563213911265243
0.406,6.935343469390332
0.4065,7.820843043568167
0.407,8.11552983858412
0.4075,7.779797621898871
0.408,6.843953812750506
0.4085,5.405337734153641
0.409,3.617532370327852
0.4095,1.6729639475943139
0.41,-0.21899481711442292
0.4105,-1.855751203125465
0.411,-3.064175610419068
0.4115,-3.7195314181940318
0.412,-3.758448273233198
0.4125,-3.1845119508399815
0.413,-2.06598122314347
0.4135,-0.5261128926420852
0.414,1.2725463063575473
0.4145,3.1478655914469886
0.415,4.919397546659577
0.4155,6.4286796976683345
0.416,7.556253785517129
0.4165,8.233554863797815
0.417,8.448477549488148
0.4175,8.244182970813554
0.418,7.711479085922035
0.4185,6.975808538296459
0.419,6.180445872935396
0.4195,5.467891383819574
0.42,4.961622301708913
0.4205,4.750311491757468
0.421,4.876354131800555
0.4215,5.3300751228275836
0.422,6.050361956983766
0.4225,6.931734096495291
0.423,7.837091496569657
0.4235,8.61466568869581
0.424,9.117117122059971
0.4245,9.220368388127335
0.425,8.839703157550213
0.4255,7.940932059938734
0.426,6.545022468124145
0.4265,4.725451806635883
0.427,2.5985669595073295
0.4275,0.30827056540909215
0.428,-1.9927550691421665
0.4285,-4.162489510650008
0.429,-6.086720416015084
0.4295,-7.691248258940964
0.43,-8.947273266190146
0.4305,-9.86920731934799
0.431,-10.505444856081406
0.4315,-10.923869280879225
0.432,-11.19483784513509
0.4325,-11.374887394867368
0.433,-11.494320052532844
0.4335,-11.55114874966538
0.434,-11.512706786931208
0.4345,-11.324753091541844
0.435,-10.926403781203978
0.4355,-10.267979806573669
0.436,-9.328134155893137
0.4365,-8.126578491370681
0.437,-6.729412105620527
0.4375,-5.245369774974211
0.438,-3.8130245145112056
0.4385,-2.5807895893846844
0.439,-1.6831100476269685
0.4395,-1.2171989590172536
0.44,-1.224836251742036
0.4405,-1.6830333625306702
0.441,-2.5058681442425854
0.4415,-3.5577636469765452
0.442,-4.676290776541542
0.4425,-5.700638258703118
0.443,-6.5006042946844715
0.4435,-7.00060604128102
0.444,-7.1938911201267395
0.4445,-7.143787200666285
0.445,-6.97116773705761
0.4455,-6.829924301028204
0.446,-6.874627663860137
0.4465,-7.226260938845081
0.447,-7.9425617058698075
0.4475,-8.99894556346004
0.448,-10.28425715251625
0.4485,-11.612987126548429
0.449,-12.752564605309976
0.4495,-13.461441528284698
0.45,-13.531479433920179
0.4505,-12.827070750367838
0.451,-11.313717308861902
0.4515,-9.070439449774796
0.452,-6.2831344447247615
0.4525,-3.2193644262658543
0.453,-0.18842457686950087
0.4535,2.506702161833166
0.454,4.617281220327671
0.4545,5.9882767046877
0.455,6.582305031972039
0.4555,6.483742697970405
0.456,5.882127907985496
0.4565,5.037682860400122
0.457,4.234994277967729
0.4575,3.7330302695135718
0.458,3.7203400143394436
0.4585,4.2833466704365275
0.459,5.393267338639782
0.4595,6.913808901061085
0.46,8.62801606563305
0.4605,10.279182787973909
0.461,11.618219432980696
0.4615,12.448759196853429
0.462,12.661789638158206
0.4625,12.25360965301755
0.463,11.32405830755135
0.4635,10.05564914576275
0.464,8.67778267871865
0.4645,7.4229422376389556
0.465,6.483199906135891
0.4655,5.9752136136611655
0.466,5.920222373634617
0.4665,6.242668711218891
0.467,6.787543268410906
0.4675,7.353022749195449
0.468,7.7321176953403485
0.4685,7.755388909371375
0.469,7.326629584056977
0.4695,6.444760571042699
0.47,5.207782266908315
0.4705,3.7979724418902445
0.471,2.4509854918242864
0.4715,1.4144516114061567
0.472,0.9035574582409024
0.4725,1.0615815230134187
0.473,1.9323899531002269
0.4735,3.4496759341483663
0.474,5.444680094435734
0.4745,7.670835723793254
0.475,9.840848125237885
0.4755,11.669667516247648
0.476,12.915997050140737
0.4765,13.415501198435042
0.477,13.100602698216179
0.4775,12.004318853264138
0.478,10.248487456974559
0.4785,8.019422483174782
0.479,5.536034242515083
0.4795,3.016412621448895
0.48,0.6486784395018204
0.4805,-1.4293453542301693
0.481,-3.1391090246324542
0.4815,-4.458779517921015
0.482,-5.411193337645362
0.4825,-6.0460201740850925
0.483,-6.420644035500258
0.4835,-6.5841060907448075
0.484,-6.567406578172312
0.4845,-6.381788496813981
0.485,-6.0246955625830925
0.4855,-5.491320754187736
0.486,-4.78840377683614
0.4865,-3.9464430312573735
0.487,-3.02684429361627
0.4875,-2.121643149656599
0.488,-1.3450678431202512
0.4885,-0.8180104313705255
0.489,-0.6480750792678738
0.4895,-0.9089471228646347
0.49,-1.623159185955057
0.4905,-2.7518553870606786
0.491,-4.193965830604875
0.4915,-5.795533558202854
0.492,-7.368107096537016
0.4925,-8.71347096755208
0.493,-9.650838821321992
0.4935,-10.042184171020969
0.494,-9.811700981806009
0.4945,-8.956394782905857
0.495,-7.5463034725315286
0.4955,-5.714552059094611
0.496,-3.639048130807308
0.4965,-1.518849415450127
0.497,0.4511104787057131
0.4975,2.1032441021747577
0.498,3.3153793172478396
0.4985,4.021618334853276
0.499,4.215201985732573
0.4995,3.9438530902775866
0.5,3.299100244288077
0.5005,2.4017287435996466
0.501,1.3857072852073238
0.5015,0.382729072266059
0.502,-0.49100744920701483
0.5025,-1.1448152043824131
0.503,-1.5200181108869328
0.5035,-1.593121266814073
0.504,-1.3761177284754773
0.5045,-0.9144452297917175
0.505,-0.28297895466021683
0.5055,0.41975451975384215
0.506,1.0791167578707928
0.5065,1.5736473065758803
0.507,1.7859351063321713
0.5075,1.614561266909339
0.508,0.9861595464898854
0.5085,-0.1337844450255195
0.509,-1.7330436179755635
0.5095,-3.7493100836686786
0.51,-6.07269153216985
0.5105,-8.55462822708472
0.511,-11.022854302912354
0.5115,-13.300961126001765
0.512,-15.230150687282437
0.5125,-16.69009983508063
0.513,-17.615660366661814
0.5135,-18.00648773796357
0.514,-17.92761226604631
0.5145,-17.500322165214726
0.515,-16.88430475844404
0.5155,-16.253518963369153
0.516,-15.769466585751976
0.5165,-15.556153202762244
0.517,-15.680933946894614
0.5175,-16.14460214516331
0.518,-16.882611673252875
0.5185,-17.777460294786138
0.519,-18.680317856440585
0.5195,-19.438305258032024
0.52,-19.92272908018183
0.5205,-20.053271868792336
0.521,-19.813712862227042
0.5215,-19.256136185240912
0.522,-18.492553124946166
0.5225,-17.675089138396324
0.523,-16.96797559129627
0.5235,-16.51616390212944
0.524,-16.41614890075251
0.5245,-16.69438738130456
0.525,-17.297533442880844
0.5255,-18.0967616664836
0.526,-18.906033639501793
0.5265,-19.511694403432607
0.527,-19.708694634663903
0.5275,-19.337397926647768
0.528,-18.314604077855527
0.5285,-16.653183104299497
0.529,-14.466467651240057
0.5295,-11.956017257886083
0.53,-9.384141583842545
0.5305,-7.035185153131759
0.531,-5.171585205294887
0.5315,-3.9917635501928714
0.532,-3.5968062035364907
0.5325,-3.9716166228508367
0.533,-4.98399072369271
0.5335,-6.40221130995395
0.534,-7.928760182506258
0.5345,-9.245092431150253
0.535,-10.060551404474868
0.5355,-10.157740061114682
0.536,-9.427140141392085
0.5365,-7.88541648227005
0.537,-5.674398256829041
0.5375,-3.0407799789580414
0.538,-0.2996383510839405
0.5385,2.212578719023746
0.539,4.188281486478496
0.5395,5.3943956477479205
0.54,5.706420729967077
0.5405,5.125740365985674
0.541,3.7777152139502768
0.5415,1.891132060321321
0.542,-0.23750610127744542
0.5425,-2.289051671843896
0.543,-3.9689980129980844
0.5435,-5.049644337467213
0.544,-5.400790020463852
0.5445,-5.004581614005491
0.545,-3.952756319654991
0.5455,-2.4273535780691544
0.546,-0.6685379328967542
0.5465,1.0649190072257453
0.547,2.5360019233060402
0.5475,3.5642983276529523
0.548,4.0501228263215125
0.5485,3.9846677053138575
0.549,3.445328847158593
0.5495,2.5777890588849934
0.55,1.5685020546341903
0.5505,0.6125822663804474
0.551,-0.1174286500261702
0.5515,-0.4969158237886051
0.552,-0.4649419935885495
0.5525,-0.02850539499561544
0.553,0.7445366145312156
0.5535,1.7418189764878715
0.554,2.828603884970203
0.5545,3.8714676392263687
0.555,4.759351798198613
0.5555,5.418568393013444
0.556,5.819680902162946
0.5565,5.975799923930524
0.557,5.933427295572969
0.5575,5.758265971652993
0.558,5.519167032785229
0.5585,5.273499055209178
0.559,5.056711519522824
0.5595,4.877851880504519
0.56,4.721501820658384
0.5605,4.555282277164417
0.561,4.340992578625384
0.5615,4.04679579447522
0.562,3.6577496216749954
0.5625,3.182411698193903
0.563,2.654117704477802
0.5635,2.1266561036611034
0.564,1.6652171727148093
0.5645,1.334449428284241
0.565,1.1860314196277835
0.5655,1.2482570589964102
0.566,1.5197301500177434
0.5665,1.9684556863992382
0.567,2.536565113467754
0.5675,3.1498264801835925
0.568,3.7301773706808197
0.5685,4.208950595460099
0.569,4.538342700151092
0.5695,4.699019291122683
0.57,4.702486877636703
0.5705,4.587843960884809
0.571,4.41356659592244
0.5715,4.24589059519912
0.572,4.1459583824015125
0.5725,4.158097218958541
0.573,4.301358673803528
0.5735,4.56582900632034
0.574,4.914337475712185
0.5745,5.289209789444392
0.575,5.622815120591258
0.5755,5.849995625064387
0.576,5.920157720340783
0.5765,5.806889371737511
0.577,5.513421044848695
0.5775,5.072980242724048
0.578,4.54396636058366
0.5785,4.00074055943365
0.579,3.521539517582961
0.5795,3.1754701429763257
0.58,3.010662460624735
0.5805,3.0454450426442006
0.581,3.2639108648195703
0.5815,3.6165528995064067
0.582,4.025883731880964
0.5825,4.396231271852033
0.583,4.626327013372114
0.5835,4.6229480034833665
0.584,4.313774272734013
0.5845,3.65777614471811
0.585,2.6518124708635065
0.5855,1.3326384686939772
0.586,-0.22588568576346632
0.5865,-1.9200048362499096
0.587,-3.6267998039151856
0.5875,-5.217152064361886
0.588,-6.569428299295656
0.5885,-7.5823234528155234
0.589,-8.185429480319785
0.5895,-8.346381761585253
0.59,-8.073842062773457
0.5905,-7.416060621859129
0.591,-6.45526721806694
0.5915,-5.29861513780233
0.592,-4.066787454618072
0.5925,-2.88162431469963
0.593,-1.8542094492535668
0.5935,-1.074750575421467
0.594,-0.6053126682362013
0.5945,-0.47605155981795927
0.595,-0.6851063882669156
0.5955,-1.2018161895030033
0.596,-1.9725050244518179
0.5965,-2.927798432368078
0.597,-3.990336238612685
0.5975,-5.081845223083649
0.598,-6.128805889940807
0.5985,-7.066332921404227
0.599,-7.840307383321733
0.5995,-8.408160688765982
0.6,-8.738936341483987
0.6005,-8.813294253850328
0.601,-8.62396371272112
0.6015,-8.176830670151302
0.602,-7.492440022999279
0.6025,-6.607307733566004
0.603,-5.574179818665144
0.6035,-4.460334219810519
0.604,-3.343243411139161
0.6045,-2.303388160107059
0.605,-1.4146619062232708
0.6055,-0.7335040976496459
0.606,-0.28849277809724155
0.6065,-0.072456382953282
0.607,-0.03911270945751888
0.6075,-0.10575656290313501
0.608,-0.16262998252625221
0.6085,-0.08844300870243427
0.609,0.22973430650879387
0.6095,0.875077601155521
0.61,1.8816761466060552
0.6105,3.2209432588749665
0.611,4.7968927568895365
0.6115,6.4522047346514295
0.612,7.985315912213059
0.6125,9.176858835331828
0.613,9.821972080414294
0.6135,9.763651389101096
0.614,8.921695087165666
0.6145,7.312088330172816
0.615,5.052887275733325
0.6155,2.3546552843890103
0.616,-0.5040336939703765
0.6165,-3.2129813817657915
0.617,-5.4734475802578135
0.6175,-7.041361118778909
0.618,-7.763772985614454
0.6185,-7.602504788430431
0.619,-6.6408437566752845
0.6195,-5.071799813095437
0.62,-3.1694320028045975
0.6205,-1.2475602705341902
0.621,0.3876875575508993
0.6215,1.4839681514636898
0.622,1.8801148340869056
0.6225,1.5289196598264299
0.623,0.5018302927284306
0.6235,-1.0248936209153574
0.624,-2.7999417649510594
0.6245,-4.537411631654766
0.625,-5.961079015287044
0.6255,-6.845147491957318
0.626,-7.044975507848417
0.6265,-6.513221710917905
0.627,-5.299532628562037
0.6275,-3.534822598391151
0.628,-1.4038284508357066
0.6285,0.8885109266439638
0.629,3.150517688887602
0.6295,5.2311620064752535
0.63,7.036946964228526
0.6305,8.536118979598704
0.631,9.75058978306994
0.6315,10.738316363942554
0.632,11.570595653198545
0.6325,12.309477450420045
0.633,12.990165931214202
0.6335,13.611967690589887
0.634,14.139346856404234
0.6345,14.512391345318731
0.635,14.663949353104586
0.6355,14.539281295652868
0.636,14.113573962198586
0.6365,13.403173083729707
0.637,12.467791094949447
0.6375,11.402937697150753
0.638,10.323979385276521
0.6385,9.345103351564273
0.639,8.557643724815826
0.6395,8.012468248777118
0.64,7.710360531858311
0.6405,7.6027148021173
0.641,7.602714196546754
0.6415,7.604931284985512
0.642,7.509436228968105
0.6425,7.245418044868146
0.643,6.789259414723005
0.6435,6.172992643414792
0.644,5.480926147114762
0.6445,4.834607704865986
0.645,4.368710981057249
0.6455,4.202405224135317
0.646,4.4118838823668955
0.6465,5.009738678378344
0.647,5.935739247648928
0.6475,7.061507721095614
0.648,8.208946098765573
0.6485,9.179583292895408
0.649,9.789780962917213
0.6495,9.905414891536473
0.65,9.4695063790737
0.6505,8.517368128568666
0.651,7.175968611384775
0.6515,5.647023213660691
0.652,4.1762747844618096
0.6525,3.0139827660780565
0.653,2.3733216294538018
0.6535,2.3938791774918027
0.654,3.1166467228770585
0.6545,4.474947111293551
0.655,6.3030043303090695
0.6555,8.360815157274251
0.656,10.371185189324843
0.6565,12.062734858904712
0.657,13.211721506891013
0.6575,13.675814042235498
0.658,13.414423023416722
0.6585,12.492548686396917
0.659,11.067928242805463
0.6595,9.364038463891111
0.66,7.633760955010229
0.6605,6.119875854550249
0.661,5.0188168741314865
0.6615,4.453298580771609
0.662,4.457708198130524
0.6625,4.97787848944544
0.663,5.884443623816855
0.6635,6.996844162415513
0.664,8.113533658745874
0.6645,9.043260318151134
0.665,9.632505781559528
0.6655,9.785155456198163
0.666,9.472020772207426
0.6665,8.729628276595626
0.667,7.6494142792157565
0.6675,6.359840939532039
0.668,5.0047918783338945
0.6685,3.7218353353449167
0.669,2.62359486713171
0.6695,1.7846673538813498
0.67,1.235458454328417
0.6705,0.9631661883234968
0.671,0.9191130557362206
0.6715,1.0308371670545278
0.672,1.2168732979794745
0.6725,1.4019957825310456
0.673,1.5308200039008986
0.6735,1.5780036697735642
0.674,1.5537811249692441
0.6745,1.5041391293155308
0.675,1.505550858244023
0.6755,1.6547897406897967
0.676,2.054915357131266
0.6765,2.799025408024751
0.677,3.9537552260032434
0.6775,5.544722265765642
0.678,7.546096132426044
0.6785,9.876174492718432
0.679,12.400240932213368
0.6795,14.941099169605742
0.68,17.29660355225946
0.6805,19.262379231165493
0.681,20.656928001219363
0.6815,21.34563989025474
0.682,21.260042164354058
0.6825,20.40901731242932
0.683,18.87971444318248
0.6835,16.827357732953647
0.684,14.454909405955087
0.6845,11.98528541595101
0.685,9.630233755821868
0.6855,7.56078351780419
0.686,5.884162791071765
0.6865,4.631206708925371
0.687,3.756634009788703
0.6875,3.152413936145765
0.688,2.672141845615047
0.6885,2.1623090015037447
0.689,1.4949802095319027
0.6895,0.5959687119012045
0.69,-0.53675787308946
0.6905,-1.828070033207695
0.691,-3.13533601604366
0.6915,-4.271349936179908
0.692,-5.036646891451245
0.6925,-5.255499067895658
0.693,-4.809083215996283
0.6935,-3.659705298821697
0.694,-1.8615153315716513
0.6945,0.44442544989219923
0.695,3.0499980024323876
0.6955,5.711311211280549
0.696,8.185804133954944
0.6965,10.268471033401445
0.697,11.820705480464852
0.6975,12.78669154334125
0.698,13.194673895286012
0.6985,13.143350804935702
0.699,12.776485622492762
0.6995,12.251061339972358
0.7,11.705465758914887
0.7005,11.234057586224852
0.701,10.873051099588885
0.7015,10.600250736592502
0.702,10.34825239136122
0.7025,10.027898405433874
0.703,9.556609895324327
0.7035,8.885174778038925
0.704,8.01687005559102
0.7045,7.014395887834337
0.705,5.992681107250474
0.7055,5.098660939183147
0.706,4.481999211484439
0.7065,4.262823791575816
0.707,4.503408225097485
0.7075,5.190153032272448
0.708,6.230279815719305
0.7085,7.464717227566076
0.709,8.695311964205738
0.7095,9.721422821629611
0.71,10.37879673187386
0.7105,10.572857375524805
0.711,10.299362126541917
0.7115,9.647683934341453
0.712,8.785328685884043
0.7125,7.9260562827405225
0.713,7.287384998905376
0.7135,7.045622131975393
0.714,7.297369674153582
0.7145,8.03549127471997
0.715,9.144935030069966
0.7155,10.420054636528212
0.716,11.600872435554265
0.7165,12.421902683631577
0.717,12.664469226851617
0.7175,12.20246850872253
0.718,11.032483342358391
0.7185,9.281905309567323
0.719,7.192777564967376
0.7195,5.083663233215064
0.72,3.2960951328457635
0.7205,2.1352388618439204
0.721,1.8156869224431587
0.7215,2.4225191730271476
0.722,3.8950352607539966
0.7225,6.036388410497172
0.723,8.54751431001144
0.7235,11.079177400963824
0.724,13.292530816021353
0.7245,14.916972156159675
0.725,15.794595852845164
0.7255,15.903103578113821
0.726,15.353150643561149
0.7265,14.360988734635473
0.727,13.201972799157252
0.7275,12.154123219779954
0.728,11.44277318017115
0.7285,11.197030882435822
0.729,11.426408119350889
0.7295,12.021976047523333
0.73,12.781585048315591
0.7305,13.453969336343485
0.731,13.792867593154396
0.7315,13.610346037546229
0.732,12.818686155737238
0.7325,11.452457317960084
0.733,9.66628967543621
0.7335,7.708631182964916
0.734,5.876481557363916
0.7345,4.459826510001691
0.735,3.686522099143319
0.7355,3.6783104980086065
0.736,4.426503621861295
0.7365,5.792073233874804
0.737,7.530178934524261
0.7375,9.33446609397624
0.738,10.892685482902557
0.7385,11.943052603159584
0.739,12.320680763143256
0.7395,11.985390445889346
0.74,11.025823009068144
0.7405,9.639355779291465
0.741,8.09193824799886
0.7415,6.665753644746508
0.742,5.6048364803234625
0.7425,5.069034107275374
0.743,5.104964031921539
0.7435,5.639249447178091
0.744,6.4949845961830155
0.7445,7.4279362927884325
0.745,8.175284106353272
0.7455,8.507437694152689
0.746,8.273053399613126
0.7465,7.428846932016422
0.747,6.048842108928771
0.7475,4.3116886746926815
0.748,2.468837000953881
0.7485,0.7998735239342811
0.749,-0.4364586125709048
0.7495,-1.0464923685169238
0.75,-0.9332595198501453
0.7505,-0.11028466930655562
0.751,1.3041361383197108
0.7515,3.110155070277524
0.752,5.061922003803726
0.7525,6.9082870473292575
0.753,8.430957238613548
0.7535,9.473408979632488
0.754,9.956112005897905
0.7545,9.876619349458842
0.755,9.296181226659488
0.7555,8.317113101268951
0.756,7.056686453464281
0.7565,5.623544010659598
0.757,4.101578977214882
0.7575,2.544140252761075
0.758,0.9788177531608759
0.7585,-0.5794928509722188
0.759,-2.111491166793169
0.7595,-3.577503908294019
0.76,-4.907520960276489
0.7605,-6.000682826578647
0.761,-6.73542611773497
0.7615,-6.988932909354408
0.762,-6.662210077601545
0.7625,-5.705556184136017
0.763,-4.138707717330641
0.7635,-2.0607131709608035
0.764,0.35357442364180636
0.7645,2.8709333378723945
0.765,5.228918696975325
0.7655,7.172093931591977
0.766,8.489172936107245
0.7665,9.044522930054875
0.767,8.798366529238006
0.7675,7.812007028954622
0.768,6.237098420396912
0.7685,4.290866080726023
0.769,2.221696237231462
0.7695,0.2711709830833602
0.77,-1.3608773859150542
0.7705,-2.5424596598573914
0.771,-3.2226481068128066
0.7715,-3.430403398003026
0.772,-3.260192234032482
0.7725,-2.8479411717517205
0.773,-2.3424522353777846
0.7735,-1.877922903288364
0.774,-1.552607147545832
0.7745,-1.4170918960089678
0.775,-1.4734978723359125
0.7755,-1.684608612327724
0.776,-1.9899626323902042
0.7765,-2.3247022778279547
0.777,-2.6366866138115728
0.7775,-2.89806682735527
0.778,-3.1090076955963393
0.7785,-3.293172317206255
0.779,-3.4865378839505397
0.7795,-3.722652450134058
0.78,-4.018246915269459
0.7805,-4.363017117668853
0.781,-4.7164190065583185
0.7815,-5.0126939928226175
0.782,-5.173419992752736
0.7825,-5.125087188628751
0.783,-4.817920135774178
0.7835,-4.241693593586687
0.784,-3.4347327845935456
0.7845,-2.4835705454914687
0.785,-1.5125977103165225
0.7855,-0.6651086854364721
0.786,-0.07898572281640054
0.7865,0.1385006311656279
0.787,-0.06806657989044586
0.7875,-0.6892145699126595
0.788,-1.6485529219740487
0.7885,-2.812535681594284
0.789,-4.010591442889228
0.7895,-5.062241907383553
0.79,-5.806498105773841
0.7905,-6.128374385170312
0.791,-5.9778756917952345
0.7915,-5.378187940516867
0.792,-4.421763901354938
0.7925,-3.255168367432504
0.793,-2.055513708218305
0.7935,-1.0027158230088211
0.794,-0.2523847995280824
0.7945,0.08614873161244108
0.795,-0.036710311362066594
0.7955,-0.607583051085332
0.796,-1.55689374024245
0.7965,-2.773707508638438
0.797,-4.12539550137814
0.7975,-5.478306712178283
0.798,-6.715799968886242
0.7985,-7.750842113969028
0.799,-8.53169627046534
0.7995,-9.040713085532442
0.8,-9.28758649048223
0.8005,-9.299379356519456
0.801,-9.109998153388624
0.8015,-8.751562585951966
0.802,-8.249369459794478
0.8025,-7.62108720297844
0.803,-6.879693580123744
0.8035,-6.038739716278014
0.804,-5.117989635666588
0.8045,-4.147451239266285
0.805,-3.1682717730218566
0.8055,-2.2297988096823955
0.806,-1.3831070900512752
0.8065,-0.6722287096103707
0.807,-0.12498358446026783
0.8075,0.25446168674153175
0.808,0.48942937981424384
0.8085,0.6297634399638521
0.809,0.7458246508563385
0.8095,0.9182506629848907
0.81,1.2251736083234763
0.8105,1.729142235533225
0.811,2.4660980395342174
0.8115,3.4383870203626574
0.812,4.613031104201298
0.8125,5.925496896124345
0.813,7.288189895141217
0.8135,8.60207511634501
0.814,9.769342014405213
0.8145,10.704977383484984
0.815,11.345476145057425
0.8155,11.653609659199331
0.816,11.619022420257574
0.8165,11.255250878416108
0.817,10.594377331259928
0.8175,9.680824731694658
0.818,8.565720641826061
0.8185,7.302852323292302
0.819,5.9466163875056965
0.8195,4.551697936603321
0.82,3.1736658511036624
0.8205,1.869380950544598
0.821,0.6961560740059789
0.8215,-0.29102603290611473
0.822,-1.044327841314698
0.8225,-1.5293048303398042
0.823,-1.7313817772569147
0.8235,-1.6609981214876004
0.824,-1.3558654501462504
0.8245,-0.8791703145046212
0.825,-0.31327433674022004
0.8255,0.2506273619867554
0.826,0.7255185737612184
0.8265,1.0421647488041998
0.827,1.1608844913462002
0.8275,1.0791938502399758
0.828,0.8336236931764024
0.8285,0.4949827508198374
0.829,0.15751074864068215
0.8295,-0.07648680762530502
0.83,-0.11403505043671724
0.8305,0.11203070797355294
0.831,0.6303756749627956
0.8315,1.4245324199365248
0.832,2.4335571963494296
0.8325,3.559943173235501
0.833,4.683496758304036
0.8335,5.6788634397446875
0.834,6.43379983347763
0.8345,6.8652319321411515
0.835,6.9306139016592425
0.8355,6.6330021059483775
0.836,6.019400252396461
0.8365,5.1730875043753395
0.837,4.201591710307672
0.8375,3.2225445636458634
0.838,2.3497681646937294
0.8385,1.6816052855106356
0.839,1.2928231392964178
0.8395,1.2305636783301317
0.84,1.513980546281508
0.8405,2.1365746339642575
0.841,3.0699406262723548
0.8415,4.267706732032923
0.842,5.668839493648841
0.8425,7.200069030221771
0.843,8.777795498516891
0.8435,10.310289169828485
0.844,11.701157324232376
0.8445,12.85485724298558
0.845,13.684512902352207
0.8455,14.12155831002747
0.846,14.125961573225291
0.8465,13.695183875278483
0.847,12.869776898839653
0.8475,11.733734191449619
0.848,10.408401571075407
0.8485,9.039824891811154
0.849,7.780680204904234
0.8495,6.769140290954122
0.85,6.107920674504472
0.8505,5.847100390558161
0.851,5.974004849515097
0.8515,6.412473152423043
0.852,7.032346630605806
0.8525,7.668259252261686
0.853,8.145103167620976
0.8535,8.306212212432737
0.854,8.039624779817437
0.8545,7.297914911611439
0.855,6.108028252181796
0.8555,4.569183036243975
0.856,2.8389176200043753
0.8565,1.1094236814837826
0.857,-0.42197958937460744
0.8575,-1.5833218838353136
0.858,-2.25431313001656
0.8585,-2.384156045881332
0.859,-1.9979700075577689
0.8595,-1.1909675002317928
0.86,-0.11167166350982721
0.8605,1.0626503034100785
0.861,2.1538848489005447
0.8615,3.009407858274484
0.862,3.522433147844767
0.8625,3.6432192445363305
0.863,3.3797972459353485
0.8635,2.7888871600444345
0.864,1.9594721693455452
0.8645,0.992755327555134
0.865,-0.017300287669138548
0.8655,-0.9990229875079724
0.866,-1.910982308315074
0.8665,-2.7417850600133633
0.867,-3.502469476377569
0.8675,-4.213841868068726
0.868,-4.892153445940523
0.8685,-5.536814718748812
0.869,-6.123333421168667
0.8695,-6.603449821409432
0.87,-6.912786678539308
0.8705,-6.984579800608528
0.871,-6.76658110718536
0.8715,-6.237347501542908
0.872,-5.418044422735705
0.8725,-4.376640055816747
0.873,-3.222811320244171
0.8735,-2.093746414670964
0.874,-1.1329398934763169
0.8745,-0.4656460468570274
0.875,-0.17555574416522446
0.8755,-0.2872885970863174
0.876,-0.7584130764878704
0.8765,-1.483067189765656
0.877,-2.307149136285873
0.8775,-3.0528751043243476
0.878,-3.548675113484829
0.8785,-3.6592733311975696
0.879,-3.310603788167809
0.8795,-2.504999580661426
0.88,-1.3237320013908402
0.8805,0.08382721581197239
0.881,1.5227915726684624
0.8815,2.783380402039216
0.882,3.6744302814358374
0.8825,4.054135269367124
0.883,3.852840497438513
0.8835,3.0841108948210407
0.884,1.8423452403057337
0.8845,0.28753000542630364
0.885,-1.380092424898598
0.8855,-2.9510168673901136
0.886,-4.2378680983589
0.8865,-5.10203417660074
0.887,-5.471377670803294
0.8875,-5.346545416762212
0.888,-4.795442882850317
0.8885,-3.937468130819623
0.889,-2.920751878061638
0.8895,-1.8966474178359016
0.89,-0.9959121488303257
0.8905,-0.31042933787028226
0.891,0.11691282685270676
0.8915,0.29317620865249217
0.892,0.26782235446446157
0.8925,0.1187400567197833
0.893,-0.06513151897543423
0.8935,-0.2012539183586225
0.894,-0.2280002796827949
0.8945,-0.1140425368347423
0.895,0.13842537436691696
0.8955,0.4964596373982504
0.896,0.9039282743102858
0.8965,1.291973637767881
0.897,1.5902512923053664
0.8975,1.7370256409754679
0.898,1.6867492112390914
0.8985,1.4144795463824913
0.899,0.91721116245286
0.8995,0.21275619675040885
0.9,-0.6629115240588691
0.9005,-1.6589584352729176
0.901,-2.7130282040372173
0.9015,-3.7544240005969503
0.902,-4.707362881916795
0.9025,-5.494799879995479
0.903,-6.043345571401661
0.9035,-6.289552239487962
0.904,-6.187368571102339
0.9045,-5.715979052713106
0.905,-4.886712903425588
0.9055,-3.747394625806844
0.906,-2.3825438779400794
0.9065,-0.908274601604843
0.907,0.5384419785790081
0.9075,1.8154262148523184
0.908,2.794022393344405
0.9085,3.378173183087315
0.909,3.5205945083767034
0.9095,3.2328803125825454
0.91,2.587065200808908
0.9105,1.7074314388484784
0.911,0.752977883512357
0.9115,-0.10730686285933785
0.912,-0.722728231525831
0.9125,-0.9881231951592713
0.913,-0.8652415682078627
0.9135,-0.3941099602772338
0.914,0.3083350042750606
0.9145,1.0630204732681974
0.915,1.6552997566060665
0.9155,1.8695311364509195
0.916,1.526282469337621
0.9165,0.5160052458642748
0.917,-1.1767124744945707
0.9175,-3.462905958333321
0.918,-6.155448775623709
0.9185,-8.991505559563844
0.919,-11.66827815278896
0.9195,-13.886774838111227
0.92,-15.39681998361666
0.9205,-16.036104200632515
0.921,-15.756851348924823
0.9215,-14.635542642405982
0.922,-12.863794856135161
0.9225,-10.721503968285589
0.923,-8.536235824201324
0.9235,-6.635089779543545
0.924,-5.2965011685378816
0.9245,-4.709474091634006
0.925,-4.946542791093887
0.9255,-5.954548833385292
0.926,-7.564464000302937
0.9265,-9.51846270347054
0.927,-11.509753890272261
0.9275,-13.228759641914442
0.928,-14.40837872831738
0.9285,-14.861415582117498
0.929,-14.504703786327958
0.9295,-13.366740144625112
0.93,-11.578369095244465
0.9305,-9.348754255041216
0.931,-6.931099757696173
0.9315,-4.583988449904284
0.932,-2.5345875814315675
0.9325,-0.9493159730094716
0.933,0.08397280955439967
0.9335,0.5603584811408568
0.934,0.5491582417254675
0.9345,0.17466417637653014
0.935,-0.4096299483055992
0.9355,-1.048484612147234
0.936,-1.60932761795975
0.9365,-1.9998051867066775
0.937,-2.1761561417529665
0.9375,-2.141896289885201
0.938,-1.9380641683773683
0.9385,-1.6276950495542724
0.939,-1.278026477877841
0.9395,-0.9440811801856104
0.94,-0.6567384468053635
0.9405,-0.41733074362069655
0.941,-0.19941614399488727
0.9415,0.04304891713413067
0.942,0.36311360607845367
0.9425,0.8065580846750198
0.943,1.3988999402986841
0.9435,2.136291844473988
0.944,2.9820993379241036
0.9445,3.8698285062100033
0.945,4.711875895278815
0.9455,5.412519795967449
0.946,5.88284748988896
0.9465,6.055031945701006
0.947,5.89356158985462
0.9475,5.401628784917326
0.948,4.621765893237675
0.9485,3.6308085729983346
0.949,2.530182038095851
0.9495,1.4331908320925382
0.95,0.4513425622339939
0.9505,-0.31828402274064754
0.951,-0.8029708729447291
0.9515,-0.9605317714429366
0.952,-0.7813669848802087
0.9525,-0.2867205978818559
0.953,0.47601617059081014
0.9535,1.439819081565104
0.954,2.525189884641761
0.9545,3.6469808859330337
0.955,4.720255162482789
0.9555,5.664958968153014
0.956,6.409543798711755
0.9565,6.893907403655074
0.957,7.072078522171605
0.9575,6.914947291053065
0.958,6.413084266573499
0.9585,5.579371502865083
0.959,4.4508807129584715
0.9595,3.0892627923488587
0.96,1.5789217811439569
0.9605,0.022457362842079054
0.961,-1.4667495166666982
0.9615,-2.77442834439269
0.962,-3.796884086855258
0.9625,-4.45269447299533
0.963,-4.693045440378538
0.9635,-4.509109303507047
0.964,-3.935143795068253
0.9645,-3.0465117840168334
0.965,-1.952517266176225
0.9655,-0.7847143836813867
0.966,0.31795201010711094
0.9665,1.2252921154253094
0.967,1.8311673187255466
0.9675,2.0658648022964177
0.968,1.9038567305950587
0.9685,1.3658864513137128
0.969,0.515121195350257
0.9695,-0.5520545470050878
0.97,-1.7192862361964332
0.9705,-2.8656753792922953
0.971,-3.8812588901679224
0.9715,-4.680463211460198
0.972,-5.211795967826296
0.9725,-5.462612358103075
0.973,-5.4585077863760905
0.9735,-5.257633117863192
0.974,-4.940897131420217
0.9745,-4.599523226342845
0.975,-4.321705627318796
0.9755,-4.180142222110428
0.976,-4.222021171797162
0.9765,-4.462651450936942
0.977,-4.883418888950386
0.9775,-5.434193073934913
0.978,-6.03977772007978
0.9785,-6.609546763718582
0.979,-7.049081738567663
0.9795,-7.27244450104256
0.98,-7.213686734577904
0.9805,-6.836303300538408
0.981,-6.139560430311212
0.9815,-5.16094681313422
0.982,-3.9743783929555803
0.9825,-2.6842075920904347
0.983,-1.4155147910302337
0.9835,-0.3015620043250611
0.984,0.530369114848611
0.9845,0.9732871699209471
0.985,0.9533672993603789
0.9855,0.43985949590669265
0.986,-0.5492808836796981
0.9865,-1.946950992362928
0.987,-3.6420094007203274
0.9875,-5.4896533100389
0.988,-7.32611183858964
0.9885,-8.986097361184921
0.989,-10.321005410042455
0.9895,-11.215635588820861
0.99,-11.601274475691802
0.9905,-11.463351918514006
0.991,-10.84252510397205
0.9915,-9.82888638334638
0.992,-8.549920312995047
0.9925,-7.153719945761539
0.993,-5.789677124071344
0.9935,-4.589270998197661
0.994,-3.6496174897069205
0.9945,-3.0220885544564213
0.995,-2.7076032890153554
0.9955,-2.6592299932028913
0.996,-2.7916602976683658
0.9965,-2.9960874818252994
0.997,-3.158202389909425
0.9975,-3.1765439367130632
0.998,-2.978387550595047
0.9985,-2.53073852596045
0.999,-1.8447628741302273
0.9995,-0.9730185403870832
1.,0.000016418838366693184